Shadow64 R12 texture bank report
map=$bullet.map
map_tiles_requested=307
tiles_packed=307
missing_nonfatal=0
bank_bytes=677636
max_tile_dim=64

packed tile IDs:
0 2 3 4 5 6 16 28 29 36 41 50 53 55 64 80 93 97 99 101 108 109 110 118 119 121 135 140 175 199 205 207 208 217 233 244 250 256 259 266 270 272 273 279 282 288 289 290 294 296 298 310 319 340 341 342 366 367 368 384 385 389 396 407 415 475 494 502 503 504 507 508 509 510 511 537 551 561 567 571 572 573 575 595 596 610 614 618 623 642 646 647 648 649 656 657 658 663 664 689 749 763 764 766 890 1400 1441 1656 1691 1710 1765 1769 1793 1794 1797 1799 1800 1802 1803 1804 1805 1807 1808 1809 1810 1817 1818 1819 1823 1829 1831 1842 1846 1900 1901 2080 2081 2082 2083 2151 2165 2307 2309 2310 2373 2470 2500 2501 2502 2530 2540 2560 2637 2638 2639 2647 2648 2649 2650 2652 2654 2671 2677 2680 2682 2683 2684 2685 2687 2688 2700 2701 2702 2703 2704 2707 2710 2712 2716 2717 2718 2725 2726 2727 2728 2732 2741 2743 2758 2763 2765 2767 2781 2790 2974 2998 3004 3007 3008 3015 3030 3031 3336 3338 3339 3340 3341 3342 3343 3345 3350 3351 3355 3356 3380 3381 3431 3433 3447 3473 3485 3492 3503 3505 3515 3516 3540 3543 3578 3780 3831 3877 3879 4096 4162 4223 4312 4768 4792 4816 4840 4864 4865 4866 4867 4873 4874 4878 4880 4890 4891 4892 4893 4894 4895 4896 4897 4902 4914 4917 4922 4924 4927 4949 4950 4951 4952 4953 4954 4957 4961 4963 4964 4965 4967 4978 4990 4991 4992 5011 5036 5037 5041 5042 5043 5049 5052 5057 5058 5059 5060 5061 5062 5063 5064 5067 5069 5070 5071 5075 5076 5078 5080 5083 5086 5089 5097
